SVR
Best params: {'C': 10, 'gamma': 0.001}
Training Score0.387374156274
Testing Score: 0.347213583528SVR
Best params: {'C': 20, 'gamma': 0.001}
Training Score0.414871009441
Testing Score: 0.352979674599
SVR
Best params: {'C': 30, 'gamma': 0.001}
Training Score0.430823741119
Testing Score: 0.35192847112
SVR
Best params: {'C': 30, 'gamma': 0.001}
Training Score0.430823741119
Testing Score: 0.35192847112
NN
Training Score0.53136
Testing Score: 0.516719999905
NN
Training Score0.621760000083
Testing Score: 0.577920000076
NN
Training Score0.623733333371
Testing Score: 0.580799999981
             precision    recall  f1-score   support

          0       0.68      0.58      0.63      3440
          1       0.51      0.58      0.55      2923
          2       0.55      0.26      0.36      1043
          3       0.67      0.13      0.22       231
          4       0.57      0.67      0.61      4863

avg / total       0.59      0.58      0.57     12500

[[2008  221    9    0 1202]
 [ 173 1708  128    5  909]
 [  28  439  276   10  290]
 [   6  130   35   30   30]
 [ 730  839   56    0 3238]]
NN
Training Score0.820026666686
Testing Score: 0.745119999924
             precision    recall  f1-score   support

          0       0.90      0.67      0.77      3440
          1       0.76      0.65      0.70      2923
          2       0.64      0.65      0.65      1043
          3       0.72      0.52      0.61       231
          4       0.69      0.88      0.78      4863

avg / total       0.76      0.75      0.74     12500

[[2312  100   24    0 1004]
 [  52 1896  224   25  726]
 [   9  184  682   17  151]
 [   0   37   56  121   17]
 [ 197  275   84    4 4303]]
NN
Training Score0.995093333359
Testing Score: 0.987519999905
             precision    recall  f1-score   support

          0       0.99      0.99      0.99      3440
          1       0.99      0.98      0.99      2923
          2       0.99      0.98      0.99      1043
          3       1.00      1.00      1.00       231
          4       0.99      0.99      0.99      4863

avg / total       0.99      0.99      0.99     12500

[[3408    5    0    0   27]
 [   8 2875    6    1   33]
 [   5   13 1022    0    3]
 [   0    0    0  230    1]
 [  29   21    4    0 4809]]
RF
Training Score0.996933333333
Testing Score: 0.4128
             precision    recall  f1-score   support

     BRONZE       0.47      0.45      0.46       689
       GOLD       0.36      0.31      0.33       588
   PLATINUM       0.23      0.05      0.08       202
        PRO       0.00      0.00      0.00        47
     SILVER       0.41      0.55      0.47       974

avg / total       0.39      0.41      0.39      2500

[[310  51   2   0 326]
 [ 80 180  15   1 312]
 [  7  79  10   1 105]
 [  1  21   4   0  21]
 [258 171  13   0 532]]
NN
Training Score0.992693333359
Testing Score: 0.983519999809
             precision    recall  f1-score   support

          0       0.98      0.99      0.98      3440
          1       0.99      0.98      0.99      2923
          2       1.00      0.95      0.98      1043
          3       0.98      0.99      0.98       231
          4       0.98      0.99      0.98      4863

avg / total       0.98      0.98      0.98     12500

[[3404    9    0    0   27]
 [  17 2861    0    0   45]
 [  16   12  995    3   17]
 [   0    0    0  228    3]
 [  51    2    3    1 4806]]
NN
Training Score0.88173333327
Testing Score: 0.418400000095
             precision    recall  f1-score   support

          0       0.49      0.43      0.46       689
          1       0.35      0.38      0.36       588
          2       0.24      0.14      0.18       202
          3       0.21      0.09      0.12        47
          4       0.44      0.51      0.47       974

avg / total       0.41      0.42      0.41      2500

[[294  79  13   0 303]
 [ 63 223  45  11 246]
 [ 14  86  29   2  71]
 [  2  24   8   4   9]
 [223 229  24   2 496]]
NN
Training Score0.79533333346
Testing Score: 0.384800000143
             precision    recall  f1-score   support

          0       0.49      0.46      0.48       689
          1       0.31      0.59      0.41       588
          2       0.22      0.10      0.14       202
          3       0.14      0.04      0.07        47
          4       0.43      0.28      0.34       974

avg / total       0.40      0.38      0.37      2500

[[315 161  11   2 200]
 [ 69 349  34   5 131]
 [  8 130  21   5  38]
 [  2  35   7   2   1]
 [243 434  22   0 275]]
NN
Training Score0.972266666667
Testing Score: 0.3852
             precision    recall  f1-score   support

          0       0.45      0.49      0.47       689
          1       0.33      0.26      0.29       588
          2       0.19      0.16      0.17       202
          3       0.08      0.13      0.10        47
          4       0.42      0.44      0.43       974

avg / total       0.38      0.39      0.38      2500

[[341  62  12   5 269]
 [ 88 154  71  32 243]
 [ 21  68  33  15  65]
 [  4  19  12   6   6]
 [310 170  48  17 429]]
NN
Training Score0.838133333349
Testing Score: 0.3872
             precision    recall  f1-score   support

          0       0.46      0.49      0.47       689
          1       0.32      0.37      0.34       588
          2       0.19      0.23      0.21       202
          3       0.14      0.11      0.12        47
          4       0.45      0.37      0.41       974

avg / total       0.39      0.39      0.39      2500

[[336 108  22   2 221]
 [ 92 217  86  15 178]
 [ 16  88  46   8  44]
 [  3  22  10   5   7]
 [287 240  77   6 364]]
NN
Training Score0.578133333349
Testing Score: 0.446
             precision    recall  f1-score   support

          0       0.57      0.28      0.38       689
          1       0.40      0.39      0.39       588
          2       0.21      0.03      0.05       202
          3       0.00      0.00      0.00        47
          4       0.44      0.70      0.54       974

avg / total       0.44      0.45      0.41      2500

[[196  63   1   0 429]
 [ 21 228  12   1 326]
 [  4  90   6   0 102]
 [  0  26   6   0  15]
 [120 166   3   0 685]]
NN
Training Score0.475866666635
Testing Score: 0.4728
             precision    recall  f1-score   support

          0       0.54      0.57      0.56       689
          1       0.42      0.22      0.29       588
          2       0.31      0.04      0.07       202
          3       0.00      0.00      0.00        47
          4       0.45      0.67      0.54       974

avg / total       0.45      0.47      0.44      2500

[[390  22   2   0 275]
 [ 63 130  11   0 384]
 [ 10  67   8   0 117]
 [  1  23   2   0  21]
 [252  65   3   0 654]]
NN
Training Score0.437066666698
Testing Score: 0.4276
             precision    recall  f1-score   support

          0       0.57      0.32      0.41       689
          1       0.35      0.03      0.06       588
          2       0.00      0.00      0.00       202
          3       0.00      0.00      0.00        47
          4       0.40      0.85      0.55       974

avg / total       0.40      0.43      0.34      2500

[[220   2   0   0 467]
 [ 32  19   0   0 537]
 [  4  13   0   0 185]
 [  0   4   0   0  43]
 [127  17   0   0 830]]
NN
Training Score0.468533333317
Testing Score: 0.468
             precision    recall  f1-score   support

          0       0.64      0.32      0.42       689
          1       0.41      0.33      0.37       588
          2       0.00      0.00      0.00       202
          3       0.00      0.00      0.00        47
          4       0.45      0.78      0.57       974

avg / total       0.45      0.47      0.42      2500

[[218  34   0   0 437]
 [ 11 194   0   0 383]
 [  5 103   0   0  94]
 [  0  29   0   0  18]
 [104 112   0   0 758]]
NN
Training Score0.487866666683
Testing Score: 0.4748
             precision    recall  f1-score   support

          0       0.63      0.37      0.46       689
          1       0.41      0.38      0.40       588
          2       0.00      0.00      0.00       202
          3       0.00      0.00      0.00        47
          4       0.46      0.73      0.56       974

avg / total       0.45      0.47      0.44      2500

[[252  37   0   0 400]
 [ 21 222   0   0 345]
 [  3 105   0   0  94]
 [  0  34   0   0  13]
 [123 138   0   0 713]]
NN
Training Score0.4848
Testing Score: 0.4684
             precision    recall  f1-score   support

          0       0.59      0.40      0.48       689
          1       0.40      0.43      0.41       588
          2       1.00      0.00      0.01       202
          3       0.00      0.00      0.00        47
          4       0.46      0.66      0.54       974

avg / total       0.52      0.47      0.44      2500

[[279  44   0   0 366]
 [ 29 250   0   0 309]
 [  9 116   1   0  76]
 [  0  35   0   0  12]
 [153 180   0   0 641]]
NN
Training Score0.486133333333
Testing Score: 0.4748
             precision    recall  f1-score   support

          0       0.54      0.57      0.56       689
          1       0.41      0.40      0.41       588
          2       0.00      0.00      0.00       202
          3       0.00      0.00      0.00        47
          4       0.47      0.57      0.51       974

avg / total       0.43      0.47      0.45      2500

[[393  39   0   0 257]
 [ 58 235   0   0 295]
 [ 12 109   0   0  81]
 [  1  36   0   0  10]
 [263 152   0   0 559]]
NN
Training Score0.507866666635
Testing Score: 0.4664
             precision    recall  f1-score   support

          0       0.53      0.51      0.52       689
          1       0.42      0.30      0.35       588
          2       0.27      0.03      0.06       202
          3       0.00      0.00      0.00        47
          4       0.45      0.65      0.53       974

avg / total       0.44      0.47      0.44      2500

[[352  32   1   0 304]
 [ 57 176  11   3 341]
 [ 10  88   7   0  97]
 [  0  28   3   0  16]
 [239 100   4   0 631]]
NN
Training Score0.506133333349
Testing Score: 0.4668
             precision    recall  f1-score   support

          0       0.58      0.39      0.47       689
          1       0.40      0.42      0.41       588
          2       0.32      0.10      0.16       202
          3       0.00      0.00      0.00        47
          4       0.47      0.64      0.54       974

avg / total       0.46      0.47      0.45      2500

[[272  59   2   0 356]
 [ 31 249  24   2 282]
 [  7 104  21   0  70]
 [  0  32   8   0   7]
 [155 183  11   0 625]]
NN
Training Score0.497199999968
Testing Score: 0.474
             precision    recall  f1-score   support

          0       0.60      0.43      0.50       689
          1       0.41      0.30      0.35       588
          2       0.23      0.02      0.04       202
          3       0.00      0.00      0.00        47
          4       0.45      0.72      0.56       974

avg / total       0.46      0.47      0.44      2500

[[297  29   1   0 362]
 [ 32 178  11   1 366]
 [  5  91   5   0 101]
 [  1  27   3   0  16]
 [163 104   2   0 705]]
NN
Training Score0.472399999984
Testing Score: 0.4716
             precision    recall  f1-score   support

          0       0.62      0.35      0.45       689
          1       0.41      0.43      0.42       588
          2       0.00      0.00      0.00       202
          3       0.00      0.00      0.00        47
          4       0.46      0.70      0.56       974

avg / total       0.44      0.47      0.44      2500

[[243  47   0   0 399]
 [ 25 252   0   0 311]
 [  5 117   0   0  80]
 [  0  32   0   0  15]
 [122 168   0   0 684]]
NN
Training Score0.427333333333
Testing Score: 0.4104
             precision    recall  f1-score   support

          0       0.60      0.26      0.36       689
          1       0.32      0.10      0.15       588
          2       0.14      0.03      0.06       202
          3       0.00      0.00      0.00        47
          4       0.40      0.80      0.53       974

avg / total       0.41      0.41      0.35      2500

[[180  17   3   0 489]
 [ 17  57  20   0 494]
 [  5  26   7   0 164]
 [  0   5   2   0  40]
 [ 98  75  19   0 782]]
NN
Training Score0.479200000095
Testing Score: 0.481200000381
             precision    recall  f1-score   support

          0       0.65      0.32      0.43       689
          1       0.44      0.32      0.37       588
          2       0.00      0.00      0.00       202
          3       0.00      0.00      0.00        47
          4       0.46      0.82      0.59       974

avg / total       0.46      0.48      0.43      2500

[[223  29   0   0 437]
 [ 16 186   0   0 386]
 [  3  92   0   0 107]
 [  0  32   0   0  15]
 [100  80   0   0 794]]
NN
Training Score0.493333333238
Testing Score: 0.471200000048
             precision    recall  f1-score   support

          0       0.56      0.47      0.51       689
          1       0.40      0.40      0.40       588
          2       0.00      0.00      0.00       202
          3       0.00      0.00      0.00        47
          4       0.46      0.63      0.53       974

avg / total       0.43      0.47      0.44      2500

[[324  44   0   0 321]
 [ 42 238   0   0 308]
 [ 10 119   0   0  73]
 [  0  36   0   0  11]
 [203 155   0   0 616]]
NN
Training Score0.465600000111
Testing Score: 0.459199999666
             precision    recall  f1-score   support

          0       0.65      0.28      0.39       689
          1       0.42      0.22      0.29       588
          2       0.00      0.00      0.00       202
          3       0.00      0.00      0.00        47
          4       0.44      0.85      0.58       974

avg / total       0.45      0.46      0.40      2500

[[192  20   0   0 477]
 [ 15 130   0   0 443]
 [  0  78   0   0 124]
 [  0  23   0   0  24]
 [ 89  59   0   0 826]]
NN
Training Score0.436133333238
Testing Score: 0.424000000143
             precision    recall  f1-score   support

          0       0.65      0.25      0.36       689
          1       0.00      0.00      0.00       588
          2       0.00      0.00      0.00       202
          3       0.00      0.00      0.00        47
          4       0.40      0.91      0.55       974

avg / total       0.33      0.42      0.31      2500

[[169   0   0   0 520]
 [  9   0   0   0 579]
 [  0   0   0   0 202]
 [  0   0   0   0  47]
 [ 83   0   0   0 891]]
NN
Training Score0.457866666667
Testing Score: 0.446799999714
             precision    recall  f1-score   support

          0       0.67      0.28      0.39       689
          1       0.37      0.13      0.20       588
          2       0.00      0.00      0.00       202
          3       0.00      0.00      0.00        47
          4       0.42      0.87      0.57       974

avg / total       0.44      0.45      0.38      2500

[[192  17   0   0 480]
 [  8  78   0   0 502]
 [  2  56   0   0 144]
 [  0  16   0   0  31]
 [ 85  42   0   0 847]]
NN
Training Score0.498800000286
Testing Score: 0.490399999666
             precision    recall  f1-score   support

          0       0.61      0.44      0.51       689
          1       0.43      0.41      0.42       588
          2       0.00      0.00      0.00       202
          3       0.00      0.00      0.00        47
          4       0.47      0.70      0.56       974

avg / total       0.45      0.49      0.46      2500

[[305  31   0   0 353]
 [ 33 244   0   0 311]
 [  7 117   0   0  78]
 [  0  39   0   0   8]
 [156 141   0   0 677]]
NN
Training Score0.173466666651
Testing Score: 0.173200000119
             precision    recall  f1-score   support

          0       0.28      0.04      0.08       689
          1       0.19      0.15      0.17       588
          2       0.08      0.13      0.10       202
          3       0.01      0.26      0.03        47
          4       0.38      0.28      0.32       974

avg / total       0.27      0.17      0.20      2500

[[ 30 159  77 269 154]
 [ 25  91  76 195 201]
 [  8  25  26  60  83]
 [  2  10  10  12  13]
 [ 44 198 121 337 274]]
NN
Training Score0.275733333389
Testing Score: 0.275600000072
             precision    recall  f1-score   support

          0       0.28      1.00      0.43       689
          1       0.00      0.00      0.00       588
          2       0.00      0.00      0.00       202
          3       0.00      0.00      0.00        47
          4       0.00      0.00      0.00       974

avg / total       0.08      0.28      0.12      2500

[[689   0   0   0   0]
 [588   0   0   0   0]
 [202   0   0   0   0]
 [ 47   0   0   0   0]
 [974   0   0   0   0]]
NN
Training Score0.465333333429
Testing Score: 0.464799999666
             precision    recall  f1-score   support

          0       0.50      0.60      0.54       689
          1       0.42      0.40      0.41       588
          2       0.00      0.00      0.00       202
          3       0.00      0.00      0.00        47
          4       0.46      0.53      0.50       974

avg / total       0.42      0.46      0.44      2500

[[410  45   0   0 234]
 [ 75 233   1   0 279]
 [ 15 110   0   0  77]
 [  1  34   0   0  12]
 [318 136   0   1 519]]
NN
Training Score0.501733333524
Testing Score: 0.4808
             precision    recall  f1-score   support

          0       0.53      0.56      0.54       689
          1       0.44      0.38      0.41       588
          2       0.36      0.02      0.04       202
          3       0.00      0.00      0.00        47
          4       0.47      0.61      0.53       974

avg / total       0.46      0.48      0.45      2500

[[383  30   1   0 275]
 [ 63 222   4   0 299]
 [ 11  96   4   0  91]
 [  1  36   0   0  10]
 [263 116   2   0 593]]
NN
Training Score0.483600000111
Testing Score: 0.4596
             precision    recall  f1-score   support

          0       0.62      0.36      0.45       689
          1       0.38      0.49      0.43       588
          2       0.30      0.01      0.03       202
          3       0.00      0.00      0.00        47
          4       0.46      0.63      0.53       974

avg / total       0.46      0.46      0.43      2500

[[245  63   0   0 381]
 [ 23 287   4   0 274]
 [  3 126   3   0  70]
 [  0  39   2   0   6]
 [123 236   1   0 614]]
NN
Training Score0.490533333238
Testing Score: 0.479200000095
             precision    recall  f1-score   support

          0       0.60      0.45      0.51       689
          1       0.40      0.48      0.43       588
          2       0.30      0.03      0.05       202
          3       0.00      0.00      0.00        47
          4       0.48      0.62      0.54       974

avg / total       0.47      0.48      0.46      2500

[[310  61   0   0 318]
 [ 34 280   9   0 265]
 [  7 120   6   0  69]
 [  0  40   0   0   7]
 [167 200   5   0 602]]
NN
Training Score0.480533333254
Testing Score: 0.463999999619
             precision    recall  f1-score   support

          0       0.65      0.30      0.41       689
          1       0.39      0.49      0.44       588
          2       0.00      0.00      0.00       202
          3       0.00      0.00      0.00        47
          4       0.46      0.68      0.55       974

avg / total       0.45      0.46      0.43      2500

[[210  62   0   0 417]
 [ 13 288   0   0 287]
 [  1 129   0   0  72]
 [  0  42   0   0   5]
 [100 212   0   0 662]]
NN
Training Score0.489466666571
Testing Score: 0.474400000048
             precision    recall  f1-score   support

          0       0.62      0.38      0.47       689
          1       0.41      0.36      0.38       588
          2       0.00      0.00      0.00       202
          3       0.00      0.00      0.00        47
          4       0.46      0.74      0.56       974

avg / total       0.45      0.47      0.44      2500

[[259  32   0   0 398]
 [ 24 210   0   0 354]
 [  2 106   0   0  94]
 [  0  39   0   0   8]
 [132 125   0   0 717]]
NN
Training Score0.480533333238
Testing Score: 0.469200000381
             precision    recall  f1-score   support

          0       0.58      0.43      0.49       689
          1       0.40      0.31      0.35       588
          2       0.00      0.00      0.00       202
          3       0.00      0.00      0.00        47
          4       0.45      0.71      0.55       974

avg / total       0.43      0.47      0.43      2500

[[298  36   0   0 355]
 [ 39 182   0   0 367]
 [  7  95   0   0 100]
 [  0  33   0   0  14]
 [173 108   0   0 693]]
NN
Training Score0.470933333349
Testing Score: 0.461199999714
             precision    recall  f1-score   support

          0       0.70      0.22      0.34       689
          1       0.42      0.41      0.41       588
          2       0.00      0.00      0.00       202
          3       0.00      0.00      0.00        47
          4       0.45      0.78      0.57       974

avg / total       0.46      0.46      0.41      2500

[[153  42   0   0 494]
 [  3 240   0   0 345]
 [  1 107   0   0  94]
 [  0  36   0   0  11]
 [ 63 151   0   0 760]]
NN
Training Score0.4892
Testing Score: 0.478800000763
             precision    recall  f1-score   support

          0       0.61      0.44      0.51       689
          1       0.41      0.32      0.36       588
          2       0.00      0.00      0.00       202
          3       0.00      0.00      0.00        47
          4       0.46      0.73      0.56       974

avg / total       0.44      0.48      0.44      2500

[[300  32   0   0 357]
 [ 30 189   0   0 369]
 [  4  97   0   0 101]
 [  0  32   0   0  15]
 [157 109   0   0 708]]
NN
Training Score0.518799999921
Testing Score: 0.463600000381
             precision    recall  f1-score   support

          0       0.61      0.34      0.43       689
          1       0.42      0.35      0.38       588
          2       0.35      0.03      0.05       202
          3       0.00      0.00      0.00        47
          4       0.44      0.74      0.55       974

avg / total       0.47      0.46      0.43      2500

[[233  34   0   0 422]
 [ 21 204   6   0 357]
 [  1  88   6   0 107]
 [  0  27   4   0  16]
 [130 127   1   0 716]]
NN
Training Score0.533199999905
Testing Score: 0.459199999619
             precision    recall  f1-score   support

          0       0.52      0.53      0.52       689
          1       0.39      0.40      0.40       588
          2       0.23      0.04      0.07       202
          3       0.00      0.00      0.00        47
          4       0.47      0.55      0.51       974

avg / total       0.44      0.46      0.44      2500

[[363  55   1   0 270]
 [ 67 238  16   1 266]
 [ 12 113   8   1  68]
 [  1  33   4   0   9]
 [258 171   6   0 539]]
NN
Training Score0.506533333524
Testing Score: 0.459600000095
             precision    recall  f1-score   support

          0       0.51      0.62      0.56       689
          1       0.40      0.35      0.38       588
          2       0.26      0.18      0.21       202
          3       0.13      0.04      0.06        47
          4       0.48      0.49      0.49       974

avg / total       0.45      0.46      0.45      2500

[[426  49   5   1 208]
 [ 84 207  55   6 236]
 [ 14  84  36   5  63]
 [  1  23  14   2   7]
 [313 152  30   1 478]]
NN
Training Score0.481466666667
Testing Score: 0.4532
             precision    recall  f1-score   support

          0       0.52      0.56      0.54       689
          1       0.40      0.30      0.34       588
          2       0.22      0.14      0.17       202
          3       0.00      0.00      0.00        47
          4       0.45      0.56      0.50       974

avg / total       0.43      0.45      0.44      2500

[[384  32  10   0 263]
 [ 67 176  51   0 294]
 [  9  82  28   0  83]
 [  1  24   9   0  13]
 [278 123  28   0 545]]
NN
Training Score0.479333333238
Testing Score: 0.457200000763
             precision    recall  f1-score   support

          0       0.55      0.47      0.51       689
          1       0.38      0.37      0.38       588
          2       0.23      0.05      0.09       202
          3       0.14      0.02      0.04        47
          4       0.46      0.60      0.52       974

avg / total       0.44      0.46      0.44      2500

[[324  53   5   1 306]
 [ 49 220  21   2 296]
 [ 10  98  11   3  80]
 [  0  33   4   1   9]
 [206 175   6   0 587]]
NN
Training Score0.466533333111
Testing Score: 0.463600000763
             precision    recall  f1-score   support

          0       0.57      0.49      0.53       689
          1       0.40      0.21      0.28       588
          2       0.00      0.00      0.00       202
          3       0.00      0.00      0.00        47
          4       0.44      0.71      0.54       974

avg / total       0.42      0.46      0.42      2500

[[338  21   0   0 330]
 [ 42 125   0   0 421]
 [  8  68   0   0 126]
 [  1  24   0   0  22]
 [202  76   0   0 696]]
NN
Training Score0.540799999905
Testing Score: 0.460399999619
             precision    recall  f1-score   support

          0       0.54      0.48      0.51       689
          1       0.40      0.30      0.34       588
          2       0.24      0.03      0.06       202
          3       0.00      0.00      0.00        47
          4       0.45      0.65      0.53       974

avg / total       0.44      0.46      0.43      2500

[[332  32   0   0 325]
 [ 54 176  15   0 343]
 [ 10  90   7   0  95]
 [  0  23   5   0  19]
 [222 114   2   0 636]]
NN
Training Score0.523733333349
Testing Score: 0.471600000381
             precision    recall  f1-score   support

          0       0.54      0.48      0.51       689
          1       0.43      0.36      0.39       588
          2       0.20      0.01      0.03       202
          3       0.00      0.00      0.00        47
          4       0.46      0.65      0.54       974

avg / total       0.44      0.47      0.44      2500

[[334  41   0   0 314]
 [ 52 210   6   0 320]
 [  8  99   3   0  92]
 [  0  27   4   0  16]
 [223 117   2   0 632]]
NN
Training Score0.534533333349
Testing Score: 0.458000000048
             precision    recall  f1-score   support

          0       0.54      0.49      0.51       689
          1       0.39      0.44      0.41       588
          2       0.26      0.02      0.05       202
          3       0.00      0.00      0.00        47
          4       0.46      0.56      0.50       974

avg / total       0.44      0.46      0.44      2500

[[337  53   0   0 299]
 [ 49 257  10   0 272]
 [  7 116   5   1  73]
 [  0  36   3   0   8]
 [236 191   1   0 546]]
NN
Training Score0.484266666698
Testing Score: 0.425199999523
             precision    recall  f1-score   support

          0       0.43      0.71      0.54       689
          1       0.39      0.33      0.36       588
          2       0.25      0.09      0.13       202
          3       0.00      0.00      0.00        47
          4       0.45      0.37      0.41       974

avg / total       0.41      0.43      0.40      2500

[[492  44   6   0 147]
 [155 195  28   0 210]
 [ 31  89  18   0  64]
 [  2  26   5   0  14]
 [456 146  14   0 358]]
NN
Training Score0.522266666683
Testing Score: 0.460000000048
             precision    recall  f1-score   support

          0       0.53      0.51      0.52       689
          1       0.41      0.31      0.35       588
          2       0.27      0.03      0.06       202
          3       0.00      0.00      0.00        47
          4       0.45      0.62      0.52       974

avg / total       0.44      0.46      0.43      2500

[[352  33   1   0 303]
 [ 55 184   9   0 340]
 [  7  96   7   0  92]
 [  0  25   6   0  16]
 [249 115   3   0 607]]
NN
Training Score0.478800000191
Testing Score: 0.470000000763
             precision    recall  f1-score   support

          0       0.57      0.47      0.52       689
          1       0.44      0.23      0.30       588
          2       0.00      0.00      0.00       202
          3       0.00      0.00      0.00        47
          4       0.44      0.73      0.55       974

avg / total       0.43      0.47      0.43      2500

[[326  20   0   0 343]
 [ 42 135   0   0 411]
 [  5  74   0   0 123]
 [  0  21   0   0  26]
 [202  58   0   0 714]]
NN
Training Score0.475866666667
Testing Score: 0.4656
             precision    recall  f1-score   support

          0       0.53      0.57      0.55       689
          1       0.44      0.23      0.30       588
          2       0.00      0.00      0.00       202
          3       0.00      0.00      0.00        47
          4       0.44      0.65      0.52       974

avg / total       0.42      0.47      0.43      2500

[[396  16   0   0 277]
 [ 63 134   0   0 391]
 [ 12  73   0   0 117]
 [  0  24   0   0  23]
 [279  61   0   0 634]]
NN
Training Score0.489466666857
Testing Score: 0.482
             precision    recall  f1-score   support

          0       0.59      0.45      0.51       689
          1       0.44      0.27      0.34       588
          2       0.00      0.00      0.00       202
          3       0.00      0.00      0.00        47
          4       0.46      0.76      0.57       974

avg / total       0.44      0.48      0.44      2500

[[309  28   0   0 352]
 [ 42 160   0   0 386]
 [  6  86   0   0 110]
 [  1  24   0   0  22]
 [169  69   0   0 736]]
NN
Training Score0.431200000016
Testing Score: 0.429200000095
             precision    recall  f1-score   support

          0       0.73      0.09      0.16       689
          1       0.41      0.14      0.21       588
          2       0.00      0.00      0.00       202
          3       0.00      0.00      0.00        47
          4       0.42      0.95      0.58       974

avg / total       0.46      0.43      0.32      2500

[[ 64   9   0   0 616]
 [  4  85   0   0 499]
 [  0  60   0   0 142]
 [  0  21   0   0  26]
 [ 20  30   0   0 924]]
NN
Training Score0.457733333619
Testing Score: 0.458399999666
             precision    recall  f1-score   support

          0       0.63      0.27      0.38       689
          1       0.46      0.21      0.29       588
          2       0.00      0.00      0.00       202
          3       0.00      0.00      0.00        47
          4       0.43      0.86      0.58       974

avg / total       0.45      0.46      0.40      2500

[[185  12   0   0 492]
 [ 16 123   0   0 449]
 [  2  65   0   0 135]
 [  0  22   0   0  25]
 [ 92  44   0   0 838]]
NN
Training Score0.39133333346
Testing Score: 0.388800000191
             precision    recall  f1-score   support

          0       0.31      0.01      0.01       689
          1       0.00      0.00      0.00       588
          2       0.00      0.00      0.00       202
          3       0.00      0.00      0.00        47
          4       0.39      0.99      0.56       974

avg / total       0.24      0.39      0.22      2500

[[  5   0   0   0 684]
 [  4   0   0   0 584]
 [  0   0   0   0 202]
 [  0   0   0   0  47]
 [  7   0   0   0 967]]
NN
Training Score0.275733333389
Testing Score: 0.275600000072
             precision    recall  f1-score   support

          0       0.28      1.00      0.43       689
          1       0.00      0.00      0.00       588
          2       0.00      0.00      0.00       202
          3       0.00      0.00      0.00        47
          4       0.00      0.00      0.00       974

avg / total       0.08      0.28      0.12      2500

[[689   0   0   0   0]
 [588   0   0   0   0]
 [202   0   0   0   0]
 [ 47   0   0   0   0]
 [974   0   0   0   0]]
NN
Training Score0.444400000095
Testing Score: 0.427999999666
             precision    recall  f1-score   support

          0       0.58      0.34      0.43       689
          1       0.34      0.04      0.06       588
          2       0.00      0.00      0.00       202
          3       0.00      0.00      0.00        47
          4       0.40      0.83      0.54       974

avg / total       0.40      0.43      0.34      2500

[[237   4   0   0 448]
 [ 26  21   0   0 541]
 [  5  11   0   0 186]
 [  0   5   0   0  42]
 [141  21   0   0 812]]
NN
Training Score0.477733333619
Testing Score: 0.459600000381
             precision    recall  f1-score   support

          0       0.51      0.62      0.56       689
          1       0.40      0.29      0.34       588
          2       0.00      0.00      0.00       202
          3       0.00      0.00      0.00        47
          4       0.45      0.57      0.50       974

avg / total       0.41      0.46      0.43      2500

[[426  38   0   0 225]
 [ 83 172   0   0 333]
 [ 15  89   0   0  98]
 [  1  23   0   0  23]
 [318 105   0   0 551]]
NN
Training Score0.453599999921
Testing Score: 0.433600000048
             precision    recall  f1-score   support

          0       0.45      0.70      0.55       689
          1       0.42      0.15      0.23       588
          2       0.00      0.00      0.00       202
          3       0.00      0.00      0.00        47
          4       0.42      0.52      0.47       974

avg / total       0.39      0.43      0.39      2500

[[484  15   0   0 190]
 [129  91   0   0 368]
 [ 29  54   0   0 119]
 [  1  20   0   0  26]
 [427  38   0   0 509]]
NN
Training Score0.484933333524
Testing Score: 0.479200000763
             precision    recall  f1-score   support

          0       0.60      0.40      0.48       689
          1       0.44      0.30      0.36       588
          2       0.00      0.00      0.00       202
          3       0.00      0.00      0.00        47
          4       0.46      0.76      0.57       974

avg / total       0.45      0.48      0.44      2500

[[277  28   0   0 384]
 [ 33 177   0   0 378]
 [  6  87   0   0 109]
 [  0  27   0   0  20]
 [148  82   0   0 744]]
NN
Training Score0.486533333429
Testing Score: 0.491199999619
             precision    recall  f1-score   support

          0       0.57      0.53      0.55       689
          1       0.43      0.34      0.38       588
          2       0.00      0.00      0.00       202
          3       0.00      0.00      0.00        47
          4       0.47      0.68      0.56       974

avg / total       0.44      0.49      0.46      2500

[[367  33   0   0 289]
 [ 54 200   0   0 334]
 [  8 103   0   0  91]
 [  0  27   0   0  20]
 [211 102   0   0 661]]
NN
Training Score0.480399999777
Testing Score: 0.473999999619
             precision    recall  f1-score   support

          0       0.61      0.38      0.47       689
          1       0.42      0.32      0.37       588
          2       0.00      0.00      0.00       202
          3       0.00      0.00      0.00        47
          4       0.45      0.75      0.56       974

avg / total       0.44      0.47      0.44      2500

[[263  31   0   0 395]
 [ 22 191   0   0 375]
 [  3  96   0   0 103]
 [  0  29   0   0  18]
 [140 103   0   0 731]]
NN
Training Score0.4968
Testing Score: 0.490000000048
             precision    recall  f1-score   support

          0       0.59      0.46      0.52       689
          1       0.44      0.40      0.42       588
          2       0.00      0.00      0.00       202
          3       0.00      0.00      0.00        47
          4       0.47      0.69      0.56       974

avg / total       0.45      0.49      0.46      2500

[[315  32   0   0 342]
 [ 33 235   0   0 320]
 [  7 108   0   0  87]
 [  0  36   0   0  11]
 [177 122   0   0 675]]
NN
Training Score0.468533333333
Testing Score: 0.4536
             precision    recall  f1-score   support

          0       0.62      0.37      0.47       689
          1       0.42      0.10      0.16       588
          2       0.00      0.00      0.00       202
          3       0.00      0.00      0.00        47
          4       0.42      0.84      0.56       974

avg / total       0.43      0.45      0.38      2500

[[257   5   0   0 427]
 [ 19  58   0   0 511]
 [  4  41   0   0 157]
 [  0  13   0   0  34]
 [133  22   0   0 819]]
NN
Training Score0.467866666762
Testing Score: 0.4584
             precision    recall  f1-score   support

          0       0.64      0.27      0.38       689
          1       0.43      0.27      0.33       588
          2       0.20      0.00      0.01       202
          3       0.00      0.00      0.00        47
          4       0.44      0.82      0.57       974

avg / total       0.46      0.46      0.41      2500

[[188  27   0   0 474]
 [ 13 161   2   0 412]
 [  1  78   1   0 122]
 [  0  25   0   0  22]
 [ 92  84   2   0 796]]
NN
Training Score0.484533333619
Testing Score: 0.484000000048
             precision    recall  f1-score   support

          0       0.58      0.50      0.53       689
          1       0.44      0.29      0.35       588
          2       0.00      0.00      0.00       202
          3       0.00      0.00      0.00        47
          4       0.46      0.72      0.56       974

avg / total       0.44      0.48      0.45      2500

[[342  21   0   0 326]
 [ 46 171   0   0 371]
 [  6  88   0   0 108]
 [  0  26   0   0  21]
 [198  79   0   0 697]]
NN
Training Score0.39413333346
Testing Score: 0.389599999762
             precision    recall  f1-score   support

          0       0.44      0.02      0.03       689
          1       0.00      0.00      0.00       588
          2       0.00      0.00      0.00       202
          3       0.00      0.00      0.00        47
          4       0.39      0.99      0.56       974

avg / total       0.27      0.39      0.23      2500

[[ 11   0   0   0 678]
 [  4   0   0   0 584]
 [  0   0   0   0 202]
 [  0   0   0   0  47]
 [ 10   1   0   0 963]]
NN
Training Score0.503466666587
Testing Score: 0.475200000381
             precision    recall  f1-score   support

          0       0.64      0.38      0.48       689
          1       0.41      0.36      0.38       588
          2       0.20      0.00      0.01       202
          3       0.00      0.00      0.00        47
          4       0.45      0.73      0.56       974

avg / total       0.47      0.48      0.44      2500

[[264  32   0   0 393]
 [ 19 209   2   0 358]
 [  3 104   1   0  94]
 [  0  35   0   0  12]
 [129 129   2   0 714]]
NN
Training Score0.458
Testing Score: 0.4388
             precision    recall  f1-score   support

          0       0.56      0.42      0.48       689
          1       0.37      0.07      0.12       588
          2       0.00      0.00      0.00       202
          3       0.00      0.00      0.00        47
          4       0.41      0.78      0.54       974

avg / total       0.40      0.44      0.37      2500

[[292  10   0   0 387]
 [ 40  44   0   0 504]
 [  5  28   0   0 169]
 [  1   6   0   0  40]
 [182  31   0   0 761]]
NN
Training Score0.485199999873
Testing Score: 0.477200000048
             precision    recall  f1-score   support

          0       0.62      0.42      0.50       689
          1       0.43      0.27      0.33       588
          2       0.00      0.00      0.00       202
          3       0.00      0.00      0.00        47
          4       0.45      0.76      0.56       974

avg / total       0.45      0.48      0.44      2500

[[288  20   0   0 381]
 [ 24 160   0   0 404]
 [  4  83   0   0 115]
 [  0  28   0   0  19]
 [145  84   0   0 745]]
NN
Training Score0.4728
Testing Score: 0.459999999666
             precision    recall  f1-score   support

          0       0.63      0.34      0.44       689
          1       0.39      0.22      0.28       588
          2       0.00      0.00      0.00       202
          3       0.00      0.00      0.00        47
          4       0.44      0.81      0.57       974

avg / total       0.44      0.46      0.41      2500

[[233  21   0   0 435]
 [ 21 131   0   0 436]
 [  4  84   0   0 114]
 [  0  26   0   0  21]
 [114  74   0   0 786]]
NN
Training Score0.469066666778
Testing Score: 0.464800000095
             precision    recall  f1-score   support

          0       0.62      0.32      0.43       689
          1       0.41      0.32      0.36       588
          2       0.00      0.00      0.00       202
          3       0.00      0.00      0.00        47
          4       0.45      0.77      0.56       974

avg / total       0.44      0.46      0.42      2500

[[223  33   0   0 433]
 [ 16 186   0   0 386]
 [  2  95   0   0 105]
 [  0  32   0   0  15]
 [117 104   0   0 753]]
NN
Training Score0.478799999905
Testing Score: 0.472799999619
             precision    recall  f1-score   support

          0       0.61      0.34      0.44       689
          1       0.43      0.36      0.39       588
          2       0.00      0.00      0.00       202
          3       0.00      0.00      0.00        47
          4       0.45      0.75      0.57       974

avg / total       0.45      0.47      0.43      2500

[[237  31   0   0 421]
 [ 27 211   0   0 350]
 [  2 101   0   0  99]
 [  0  34   0   0  13]
 [122 118   0   0 734]]
NN
Training Score0.4944
Testing Score: 0.473599999619
             precision    recall  f1-score   support

          0       0.63      0.36      0.46       689
          1       0.41      0.35      0.38       588
          2       1.00      0.00      0.01       202
          3       0.00      0.00      0.00        47
          4       0.46      0.75      0.57       974

avg / total       0.53      0.47      0.44      2500

[[250  36   0   0 403]
 [ 24 206   0   0 358]
 [  2 105   1   0  94]
 [  0  35   0   0  12]
 [122 125   0   0 727]]
NN
Training Score0.493200000191
Testing Score: 0.471999999666
             precision    recall  f1-score   support

          0       0.55      0.53      0.54       689
          1       0.40      0.39      0.39       588
          2       0.00      0.00      0.00       202
          3       0.00      0.00      0.00        47
          4       0.46      0.60      0.53       974

avg / total       0.43      0.47      0.45      2500

[[365  41   0   0 283]
 [ 56 227   0   0 305]
 [  9 114   0   0  79]
 [  0  36   0   0  11]
 [238 148   0   0 588]]
NN
Training Score0.440799999905
Testing Score: 0.434800000048
             precision    recall  f1-score   support

          0       0.66      0.27      0.38       689
          1       0.42      0.03      0.06       588
          2       0.00      0.00      0.00       202
          3       0.00      0.00      0.00        47
          4       0.41      0.91      0.56       974

avg / total       0.44      0.43      0.34      2500

[[184   3   0   0 502]
 [ 10  20   0   0 558]
 [  3  14   0   0 185]
 [  0   2   0   0  45]
 [ 82   9   0   0 883]]
NN
Training Score0.417890519262
Testing Score: 0.354581670576
             precision    recall  f1-score   support

          0       1.00      0.02      0.05        42
          1       0.32      0.26      0.29        81
          2       0.00      0.00      0.00        28
          3       0.00      0.00      0.00        10
          4       0.36      0.74      0.49        90

avg / total       0.40      0.35      0.28       251

[[ 1  9  0  0 32]
 [ 0 21  0  0 60]
 [ 0  6  0  0 22]
 [ 0  6  0  0  4]
 [ 0 23  0  0 67]]
NN
Training Score0.494268195156
Testing Score: 0.419535628002
             precision    recall  f1-score   support

          0       0.46      0.22      0.29       235
          1       0.39      0.53      0.45       371
          2       0.00      0.00      0.00       131
          3       0.00      0.00      0.00        34
          4       0.43      0.58      0.50       478

avg / total       0.37      0.42      0.38      1249

[[ 51  29   0   0 155]
 [ 12 195   0   0 164]
 [  0  89   0   0  42]
 [  0  31   0   0   3]
 [ 49 151   0   0 278]]
NN
Training Score0.489333333238
Testing Score: 0.473600000048
             precision    recall  f1-score   support

          0       0.62      0.38      0.47       689
          1       0.41      0.29      0.34       588
          2       0.00      0.00      0.00       202
          3       0.00      0.00      0.00        47
          4       0.45      0.77      0.57       974

avg / total       0.44      0.47      0.43      2500

[[265  32   0   0 392]
 [ 23 168   0   0 397]
 [  5  92   0   0 105]
 [  0  28   0   0  19]
 [135  88   0   0 751]]
NN
Training Score0.489904761905
Testing Score: 0.448000000102
             precision    recall  f1-score   support

          0       0.53      0.30      0.38       370
          1       0.40      0.34      0.37       484
          2       1.00      0.01      0.01       172
          3       0.00      0.00      0.00        43
          4       0.45      0.74      0.56       681

avg / total       0.50      0.45      0.40      1750

[[110  18   0   0 242]
 [ 17 166   0   0 301]
 [  3  96   1   0  72]
 [  0  34   0   0   9]
 [ 76  98   0   0 507]]
NN
Training Score0.491733333238
Testing Score: 0.479199999666
             precision    recall  f1-score   support

          0       0.65      0.36      0.46       689
          1       0.42      0.40      0.41       588
          2       0.00      0.00      0.00       202
          3       0.00      0.00      0.00        47
          4       0.46      0.73      0.56       974

avg / total       0.46      0.48      0.44      2500

[[248  29   0   0 412]
 [ 15 237   0   0 336]
 [  4 115   0   0  83]
 [  0  36   0   0  11]
 [115 146   0   0 713]]
NN
Training Score0.599466666762
Testing Score: 0.543200000286
             precision    recall  f1-score   support

          0       0.57      0.48      0.52       689
          1       0.63      0.54      0.58       837
          2       0.48      0.60      0.53       974

avg / total       0.56      0.54      0.54      2500

[[328  62 299]
 [ 54 449 334]
 [194 199 581]]
NN
Training Score0.530533333524
Testing Score: 0.491999999619
             precision    recall  f1-score   support

          0       0.66      0.20      0.31       689
          1       0.57      0.52      0.55       837
          2       0.43      0.67      0.52       974

avg / total       0.54      0.49      0.47      2500

[[138  70 481]
 [ 10 437 390]
 [ 60 259 655]]
NN
Training Score0.582533333333
Testing Score: 0.531599999523
             precision    recall  f1-score   support

          0       0.59      0.44      0.50       689
          1       0.63      0.49      0.55       837
          2       0.46      0.63      0.53       974

avg / total       0.55      0.53      0.53      2500

[[301  45 343]
 [ 48 414 375]
 [163 197 614]]
NN
Training Score0.566666666857
Testing Score: 0.532799999523
             precision    recall  f1-score   support

          0       0.58      0.50      0.53       689
          1       0.65      0.44      0.53       837
          2       0.46      0.63      0.54       974

avg / total       0.56      0.53      0.53      2500

[[344  41 304]
 [ 58 370 409]
 [195 161 618]]
NN
Training Score0.569733333111
Testing Score: 0.529599999905
             precision    recall  f1-score   support

          0       0.58      0.43      0.49       689
          1       0.63      0.49      0.55       837
          2       0.46      0.64      0.54       974

avg / total       0.55      0.53      0.53      2500

[[295  50 344]
 [ 47 408 382]
 [166 187 621]]
NN
Training Score0.610000000095
Testing Score: 0.528400000286
             precision    recall  f1-score   support

          0       0.55      0.50      0.52       689
          1       0.65      0.46      0.54       837
          2       0.46      0.60      0.52       974

avg / total       0.55      0.53      0.53      2500

[[347  38 304]
 [ 66 387 384]
 [221 166 587]]
NN
Training Score0.580133333619
Testing Score: 0.528799999905
             precision    recall  f1-score   support

          0       0.63      0.35      0.45       689
          1       0.62      0.52      0.57       837
          2       0.46      0.67      0.54       974

avg / total       0.56      0.53      0.52      2500

[[239  54 396]
 [ 26 434 377]
 [117 208 649]]
NN
Training Score0.563600000095
Testing Score: 0.541600000763
             precision    recall  f1-score   support

          0       0.61      0.42      0.50       689
          1       0.62      0.55      0.58       837
          2       0.47      0.62      0.54       974

avg / total       0.56      0.54      0.54      2500

[[289  58 342]
 [ 41 457 339]
 [140 226 608]]
NN
Training Score0.409866666794
Testing Score: 0.394399999619
             precision    recall  f1-score   support

          0       0.47      0.07      0.12       689
          1       0.45      0.06      0.10       837
          2       0.39      0.91      0.55       974

avg / total       0.43      0.39      0.28      2500

[[ 48  13 628]
 [ 16  47 774]
 [ 38  45 891]]
NN
Training Score0.520133333333
Testing Score: 0.497999999619
             precision    recall  f1-score   support

          0       0.61      0.30      0.40       689
          1       0.56      0.52      0.54       837
          2       0.44      0.63      0.51       974

avg / total       0.53      0.50      0.49      2500

[[204  72 413]
 [ 28 432 377]
 [103 262 609]]
NN
Training Score0.420800000048
Testing Score: 0.411999999714
             precision    recall  f1-score   support

          0       0.51      0.07      0.12       689
          1       0.47      0.17      0.25       837
          2       0.40      0.87      0.55       974

avg / total       0.45      0.41      0.33      2500

[[ 45  59 585]
 [ 14 141 682]
 [ 30 100 844]]
NN
Training Score0.585200000191
Testing Score: 0.525200000763
             precision    recall  f1-score   support

          0       0.58      0.47      0.52       689
          1       0.63      0.47      0.54       837
          2       0.45      0.61      0.52       974

avg / total       0.55      0.53      0.53      2500

[[323  47 319]
 [ 48 394 395]
 [189 189 596]]
NN
Training Score0.580933333111
Testing Score: 0.522799999523
             precision    recall  f1-score   support

          0       0.64      0.29      0.40       689
          1       0.63      0.50      0.56       837
          2       0.45      0.70      0.55       974

avg / total       0.56      0.52      0.51      2500

[[203  52 434]
 [ 23 422 392]
 [ 91 201 682]]
NN
Training Score0.573866666762
Testing Score: 0.526800000668
             precision    recall  f1-score   support

          0       0.60      0.41      0.49       689
          1       0.64      0.45      0.53       837
          2       0.45      0.68      0.54       974

avg / total       0.56      0.53      0.52      2500

[[283  39 367]
 [ 37 376 424]
 [148 168 658]]
NN
Training Score0.578
Testing Score: 0.534000000763
             precision    recall  f1-score   support

          0       0.60      0.44      0.51       689
          1       0.63      0.49      0.55       837
          2       0.46      0.63      0.53       974

avg / total       0.56      0.53      0.53      2500

[[306  46 337]
 [ 43 413 381]
 [164 194 616]]
NN
Training Score0.60306666654
Testing Score: 0.542799999905
             precision    recall  f1-score   support

          0       0.58      0.44      0.50       689
          1       0.63      0.54      0.58       837
          2       0.48      0.61      0.54       974

avg / total       0.56      0.54      0.54      2500

[[305  62 322]
 [ 46 456 335]
 [172 206 596]]
NN
Training Score0.534400000095
Testing Score: 0.508
             precision    recall  f1-score   support

          0       0.60      0.35      0.44       689
          1       0.59      0.47      0.52       837
          2       0.44      0.66      0.53       974

avg / total       0.54      0.51      0.50      2500

[[240  62 387]
 [ 33 390 414]
 [130 204 640]]
